//19-06-2022_22-37-09

n = 22;
lx = 15;
ly = 15;

x = [6, 6, 6, 7, 7, 8, 8, 8, 9, 9, 9, 9, 9, 9, 9, 10, 10, 11, 11, 12, 12, 15];
y = [10, 14, 15, 7, 13, 6, 14, 15, 3, 4, 8, 10, 11, 13, 15, 8, 9, 9, 11, 9, 15, 12];

D = [[0.0, 4.0, 5.0, 3.162, 3.162, 4.472, 4.472, 5.385, 7.616, 6.708, 3.606, 3.0, 3.162, 4.243, 5.831, 4.472, 4.123, 5.099, 5.099, 6.083, 7.81, 9.22], [4.0, 0.0, 1.0, 7.071, 1.414, 8.246, 2.0, 2.236, 11.402, 10.44, 6.708, 5.0, 4.243, 3.162, 3.162, 7.211, 6.403, 7.071, 5.831, 7.81, 6.083, 9.22], [5.0, 1.0, 0.0, 8.062, 2.236, 9.22, 2.236, 2.0, 12.369, 11.402, 7.616, 5.831, 5.0, 3.606, 3.0, 8.062, 7.211, 7.81, 6.403, 8.485, 6.0, 9.487], [3.162, 7.071, 8.062, 0.0, 6.0, 1.414, 7.071, 8.062, 4.472, 3.606, 2.236, 3.606, 4.472, 6.325, 8.246, 3.162, 3.606, 4.472, 5.657, 5.385, 9.434, 9.434], [3.162, 1.414, 2.236, 6.0, 0.0, 7.071, 1.414, 2.236, 10.198, 9.22, 5.385, 3.606, 2.828, 2.0, 2.828, 5.831, 5.0, 5.657, 4.472, 6.403, 5.385, 8.062], [4.472, 8.246, 9.22, 1.414, 7.071, 0.0, 8.0, 9.0, 3.162, 2.236, 2.236, 4.123, 5.099, 7.071, 9.055, 2.828, 3.606, 4.243, 5.831, 5.0, 9.849, 9.22], [4.472, 2.0, 2.236, 7.071, 1.414, 8.0, 0.0, 1.0, 11.045, 10.05, 6.083, 4.123, 3.162, 1.414, 1.414, 6.325, 5.385, 5.831, 4.243, 6.403, 4.123, 7.28], [5.385, 2.236, 2.0, 8.062, 2.236, 9.0, 1.0, 0.0, 12.042, 11.045, 7.071, 5.099, 4.123, 2.236, 1.0, 7.28, 6.325, 6.708, 5.0, 7.211, 4.0, 7.616], [7.616, 11.402, 12.369, 4.472, 10.198, 3.162, 11.045, 12.042, 0.0, 1.0, 5.0, 7.0, 8.0, 10.0, 12.0, 5.099, 6.083, 6.325, 8.246, 6.708, 12.369, 10.817], [6.708, 10.44, 11.402, 3.606, 9.22, 2.236, 10.05, 11.045, 1.0, 0.0, 4.0, 6.0, 7.0, 9.0, 11.0, 4.123, 5.099, 5.385, 7.28, 5.831, 11.402, 10.0], [3.606, 6.708, 7.616, 2.236, 5.385, 2.236, 6.083, 7.071, 5.0, 4.0, 0.0, 2.0, 3.0, 5.0, 7.0, 1.0, 1.414, 2.236, 3.606, 3.162, 7.616, 7.211], [3.0, 5.0, 5.831, 3.606, 3.606, 4.123, 4.123, 5.099, 7.0, 6.0, 2.0, 0.0, 1.0, 3.0, 5.0, 2.236, 1.414, 2.236, 2.236, 3.162, 5.831, 6.325], [3.162, 4.243, 5.0, 4.472, 2.828, 5.099, 3.162, 4.123, 8.0, 7.0, 3.0, 1.0, 0.0, 2.0, 4.0, 3.162, 2.236, 2.828, 2.0, 3.606, 5.0, 6.083], [4.243, 3.162, 3.606, 6.325, 2.0, 7.071, 1.414, 2.236, 10.0, 9.0, 5.0, 3.0, 2.0, 0.0, 2.0, 5.099, 4.123, 4.472, 2.828, 5.0, 3.606, 6.083], [5.831, 3.162, 3.0, 8.246, 2.828, 9.055, 1.414, 1.0, 12.0, 11.0, 7.0, 5.0, 4.0, 2.0, 0.0, 7.071, 6.083, 6.325, 4.472, 6.708, 3.0, 6.708], [4.472, 7.211, 8.062, 3.162, 5.831, 2.828, 6.325, 7.28, 5.099, 4.123, 1.0, 2.236, 3.162, 5.099, 7.071, 0.0, 1.0, 1.414, 3.162, 2.236, 7.28, 6.403], [4.123, 6.403, 7.211, 3.606, 5.0, 3.606, 5.385, 6.325, 6.083, 5.099, 1.414, 1.414, 2.236, 4.123, 6.083, 1.0, 0.0, 1.0, 2.236, 2.0, 6.325, 5.831], [5.099, 7.071, 7.81, 4.472, 5.657, 4.243, 5.831, 6.708, 6.325, 5.385, 2.236, 2.236, 2.828, 4.472, 6.325, 1.414, 1.0, 0.0, 2.0, 1.0, 6.083, 5.0], [5.099, 5.831, 6.403, 5.657, 4.472, 5.831, 4.243, 5.0, 8.246, 7.28, 3.606, 2.236, 2.0, 2.828, 4.472, 3.162, 2.236, 2.0, 0.0, 2.236, 4.123, 4.123], [6.083, 7.81, 8.485, 5.385, 6.403, 5.0, 6.403, 7.211, 6.708, 5.831, 3.162, 3.162, 3.606, 5.0, 6.708, 2.236, 2.0, 1.0, 2.236, 0.0, 6.0, 4.243], [7.81, 6.083, 6.0, 9.434, 5.385, 9.849, 4.123, 4.0, 12.369, 11.402, 7.616, 5.831, 5.0, 3.606, 3.0, 7.28, 6.325, 6.083, 4.123, 6.0, 0.0, 4.243], [9.22, 9.22, 9.487, 9.434, 8.062, 9.22, 7.28, 7.616, 10.817, 10.0, 7.211, 6.325, 6.083, 6.083, 6.708, 6.403, 5.831, 5.0, 4.123, 4.243, 4.243, 0.0]];