//19-06-2022_19-47-51

n = 187;
lx = 25;
ly = 25;

x = [2, 3, 5, 5, 6, 6, 7, 8, 8, 8, 8, 8, 8, 9, 9, 9, 9, 9, 9, 9, 9, 10, 10, 10, 10, 10, 11, 11, 11, 11, 11, 11, 12, 12, 12, 12, 12, 12, 12, 12, 12, 12, 13, 13, 13, 13, 13, 13, 13, 13, 13, 14, 14, 14, 14, 14, 14, 14, 15, 15, 15, 15, 15, 15, 15, 15, 15, 15, 16, 16, 16, 16, 16, 17, 17, 17, 17, 17, 17, 17, 18, 18, 18, 18, 18, 18, 18, 18, 18, 18, 18, 19, 19, 19, 19, 19, 19, 19, 19, 19, 19, 19, 19, 19, 19, 20, 20, 20, 20, 20, 20, 20, 20, 20, 20, 20, 21, 21, 21, 21, 21, 21, 21, 21, 21, 21, 22, 22, 22, 22, 22, 22, 22, 22, 22, 22, 22, 22, 22, 22, 23, 23, 23, 23, 23, 23, 23, 23, 23, 23, 23, 23, 23, 23, 23, 24, 24, 24, 24, 24, 24, 24, 24, 24, 24, 24, 24, 24, 24, 24, 24, 25, 25, 25, 25, 25, 25, 25, 25, 25, 25, 25, 25, 25, 25, 25, 25];
y = [24, 24, 1, 24, 1, 13, 2, 1, 3, 6, 7, 9, 12, 1, 2, 4, 5, 6, 7, 10, 11, 1, 3, 4, 5, 25, 1, 2, 3, 4, 5, 12, 1, 2, 3, 4, 6, 7, 9, 11, 14, 15, 1, 2, 3, 4, 5, 6, 8, 9, 25, 1, 2, 3, 4, 5, 6, 7, 2, 3, 4, 5, 6, 7, 8, 9, 11, 18, 1, 2, 5, 7, 11, 2, 3, 7, 9, 14, 18, 20, 1, 2, 3, 6, 11, 14, 15, 16, 17, 19, 25, 1, 2, 4, 5, 7, 8, 9, 12, 15, 16, 17, 18, 20, 24, 1, 2, 3, 4, 13, 14, 15, 19, 20, 23, 24, 1, 2, 4, 11, 12, 14, 17, 20, 22, 25, 1, 2, 3, 4, 5, 6, 8, 12, 14, 17, 18, 21, 24, 25, 1, 2, 3, 4, 6, 7, 13, 15, 16, 17, 18, 19, 20, 23, 24, 1, 2, 3, 4, 6, 7, 8, 9, 11, 15, 17, 18, 20, 23, 24, 25, 1, 2, 3, 4, 5, 7, 8, 9, 11, 12, 14, 15, 17, 18, 19, 25];

D = [[0.0, 1.0, 23.195, 3.0, 23.345, 11.705, 22.561, 23.77, 21.84, 18.974, 18.028, 16.155, 13.416, 24.042, 23.087, 21.19, 20.248, 19.313, 18.385, 15.652, 14.765, 24.352, 22.472, 21.541, 20.616, 8.062, 24.698, 23.77, 22.847, 21.932, 21.024, 15.0, 25.08, 24.166, 23.259, 22.361, 20.591, 19.723, 18.028, 16.401, 14.142, 13.454, 25.495, 24.597, 23.707, 22.825, 21.954, 21.095, 19.416, 18.601, 11.045, 25.942, 25.06, 24.187, 23.324, 22.472, 21.633, 20.809, 25.554, 24.698, 23.854, 23.022, 22.204, 21.401, 20.616, 19.849, 18.385, 14.318, 26.926, 26.077, 23.601, 22.023, 19.105, 26.627, 25.807, 22.672, 21.213, 18.028, 16.155, 15.524, 28.018, 27.203, 26.401, 24.083, 20.616, 18.868, 18.358, 17.889, 17.464, 16.763, 16.031, 28.601, 27.803, 26.249, 25.495, 24.042, 23.345, 22.672, 20.809, 19.235, 18.788, 18.385, 18.028, 17.464, 17.0, 29.206, 28.425, 27.659, 26.907, 21.095, 20.591, 20.125, 18.682, 18.439, 18.028, 18.0, 29.833, 29.069, 27.586, 23.022, 22.472, 21.471, 20.248, 19.416, 19.105, 19.026, 30.48, 29.732, 29.0, 28.284, 27.586, 26.907, 25.612, 23.324, 22.361, 21.19, 20.881, 20.224, 20.0, 20.025, 31.145, 30.414, 29.698, 29.0, 27.659, 27.019, 23.707, 22.847, 22.472, 22.136, 21.84, 21.587, 21.378, 21.024, 21.0, 31.828, 31.113, 30.414, 29.732, 28.425, 27.803, 27.203, 26.627, 25.554, 23.77, 23.087, 22.804, 22.361, 22.023, 22.0, 22.023, 32.527, 31.828, 31.145, 30.48, 29.833, 28.601, 28.018, 27.459, 26.42, 25.942, 25.08, 24.698, 24.042, 23.77, 23.537, 23.022], [1.0, 0.0, 23.087, 2.0, 23.195, 11.402, 22.361, 23.537, 21.587, 18.682, 17.72, 15.811, 13.0, 23.77, 22.804, 20.881, 19.925, 18.974, 18.028, 15.232, 14.318, 24.042, 22.136, 21.19, 20.248, 7.071, 24.352, 23.409, 22.472, 21.541, 20.616, 14.422, 24.698, 23.77, 22.847, 21.932, 20.125, 19.235, 17.493, 15.811, 13.454, 12.728, 25.08, 24.166, 23.259, 22.361, 21.471, 20.591, 18.868, 18.028, 10.05, 25.495, 24.597, 23.707, 22.825, 21.954, 21.095, 20.248, 25.06, 24.187, 23.324, 22.472, 21.633, 20.809, 20.0, 19.209, 17.692, 13.416, 26.42, 25.554, 23.022, 21.401, 18.385, 26.077, 25.239, 22.023, 20.518, 17.205, 15.232, 14.56, 27.459, 26.627, 25.807, 23.431, 19.849, 18.028, 17.493, 17.0, 16.553, 15.811, 15.033, 28.018, 27.203, 25.612, 24.839, 23.345, 22.627, 21.932, 20.0, 18.358, 17.889, 17.464, 17.088, 16.492, 16.0, 28.601, 27.803, 27.019, 26.249, 20.248, 19.723, 19.235, 17.72, 17.464, 17.029, 17.0, 29.206, 28.425, 26.907, 22.204, 21.633, 20.591, 19.313, 18.439, 18.111, 18.028, 29.833, 29.069, 28.32, 27.586, 26.87, 26.173, 24.839, 22.472, 21.471, 20.248, 19.925, 19.235, 19.0, 19.026, 30.48, 29.732, 29.0, 28.284, 26.907, 26.249, 22.825, 21.932, 21.541, 21.19, 20.881, 20.616, 20.396, 20.025, 20.0, 31.145, 30.414, 29.698, 29.0, 27.659, 27.019, 26.401, 25.807, 24.698, 22.847, 22.136, 21.84, 21.378, 21.024, 21.0, 21.024, 31.828, 31.113, 30.414, 29.732, 29.069, 27.803, 27.203, 26.627, 25.554, 25.06, 24.166, 23.77, 23.087, 22.804, 22.561, 22.023], [23.195, 23.087, 0.0, 23.0, 1.0, 12.042, 2.236, 3.0, 3.606, 5.831, 6.708, 8.544, 11.402, 4.0, 4.123, 5.0, 5.657, 6.403, 7.211, 9.849, 10.77, 5.0, 5.385, 5.831, 6.403, 24.515, 6.0, 6.083, 6.325, 6.708, 7.211, 12.53, 7.0, 7.071, 7.28, 7.616, 8.602, 9.22, 10.63, 12.207, 14.765, 15.652, 8.0, 8.062, 8.246, 8.544, 8.944, 9.434, 10.63, 11.314, 25.298, 9.0, 9.055, 9.22, 9.487, 9.849, 10.296, 10.817, 10.05, 10.198, 10.44, 10.77, 11.18, 11.662, 12.207, 12.806, 14.142, 19.723, 11.0, 11.045, 11.705, 12.53, 14.866, 12.042, 12.166, 13.416, 14.422, 17.692, 20.809, 22.472, 13.0, 13.038, 13.153, 13.928, 16.401, 18.385, 19.105, 19.849, 20.616, 22.204, 27.295, 14.0, 14.036, 14.318, 14.56, 15.232, 15.652, 16.125, 17.804, 19.799, 20.518, 21.26, 22.023, 23.601, 26.926, 15.0, 15.033, 15.133, 15.297, 19.209, 19.849, 20.518, 23.431, 24.207, 26.627, 27.459, 16.0, 16.031, 16.279, 18.868, 19.416, 20.616, 22.627, 24.839, 26.401, 28.844, 17.0, 17.029, 17.117, 17.263, 17.464, 17.72, 18.385, 20.248, 21.401, 23.345, 24.042, 26.249, 28.601, 29.411, 18.0, 18.028, 18.111, 18.248, 18.682, 18.974, 21.633, 22.804, 23.431, 24.083, 24.759, 25.456, 26.173, 28.425, 29.206, 19.0, 19.026, 19.105, 19.235, 19.647, 19.925, 20.248, 20.616, 21.471, 23.601, 24.839, 25.495, 26.87, 29.069, 29.833, 30.61, 20.0, 20.025, 20.1, 20.224, 20.396, 20.881, 21.19, 21.541, 22.361, 22.825, 23.854, 24.413, 25.612, 26.249, 26.907, 31.241], [3.0, 2.0, 23.0, 0.0, 23.022, 11.045, 22.091, 23.195, 21.213, 18.248, 17.263, 15.297, 12.369, 23.345, 22.361, 20.396, 19.416, 18.439, 17.464, 14.56, 13.601, 23.537, 21.587, 20.616, 19.647, 5.099, 23.77, 22.804, 21.84, 20.881, 19.925, 13.416, 24.042, 23.087, 22.136, 21.19, 19.313, 18.385, 16.553, 14.765, 12.207, 11.402, 24.352, 23.409, 22.472, 21.541, 20.616, 19.698, 17.889, 17.0, 8.062, 24.698, 23.77, 22.847, 21.932, 21.024, 20.125, 19.235, 24.166, 23.259, 22.361, 21.471, 20.591, 19.723, 18.868, 18.028, 16.401, 11.662, 25.495, 24.597, 21.954, 20.248, 17.029, 25.06, 24.187, 20.809, 19.209, 15.62, 13.416, 12.649, 26.42, 25.554, 24.698, 22.204, 18.385, 16.401, 15.811, 15.264, 14.765, 13.928, 13.038, 26.926, 26.077, 24.413, 23.601, 22.023, 21.26, 20.518, 18.439, 16.643, 16.125, 15.652, 15.232, 14.56, 14.0, 27.459, 26.627, 25.807, 25.0, 18.601, 18.028, 17.493, 15.811, 15.524, 15.033, 15.0, 28.018, 27.203, 25.612, 20.616, 20.0, 18.868, 17.464, 16.492, 16.125, 16.031, 28.601, 27.803, 27.019, 26.249, 25.495, 24.759, 23.345, 20.809, 19.723, 18.385, 18.028, 17.263, 17.0, 17.029, 29.206, 28.425, 27.659, 26.907, 25.456, 24.759, 21.095, 20.125, 19.698, 19.313, 18.974, 18.682, 18.439, 18.028, 18.0, 29.833, 29.069, 28.32, 27.586, 26.173, 25.495, 24.839, 24.207, 23.022, 21.024, 20.248, 19.925, 19.416, 19.026, 19.0, 19.026, 30.48, 29.732, 29.0, 28.284, 27.586, 26.249, 25.612, 25.0, 23.854, 23.324, 22.361, 21.932, 21.19, 20.881, 20.616, 20.025], [23.345, 23.195, 1.0, 23.022, 0.0, 12.0, 1.414, 2.0, 2.828, 5.385, 6.325, 8.246, 11.18, 3.0, 3.162, 4.243, 5.0, 5.831, 6.708, 9.487, 10.44, 4.0, 4.472, 5.0, 5.657, 24.331, 5.0, 5.099, 5.385, 5.831, 6.403, 12.083, 6.0, 6.083, 6.325, 6.708, 7.81, 8.485, 10.0, 11.662, 14.318, 15.232, 7.0, 7.071, 7.28, 7.616, 8.062, 8.602, 9.899, 10.63, 25.0, 8.0, 8.062, 8.246, 8.544, 8.944, 9.434, 10.0, 9.055, 9.22, 9.487, 9.849, 10.296, 10.817, 11.402, 12.042, 13.454, 19.235, 10.0, 10.05, 10.77, 11.662, 14.142, 11.045, 11.18, 12.53, 13.601, 17.029, 20.248, 21.954, 12.0, 12.042, 12.166, 13.0, 15.62, 17.692, 18.439, 19.209, 20.0, 21.633, 26.833, 13.0, 13.038, 13.342, 13.601, 14.318, 14.765, 15.264, 17.029, 19.105, 19.849, 20.616, 21.401, 23.022, 26.42, 14.0, 14.036, 14.142, 14.318, 18.439, 19.105, 19.799, 22.804, 23.601, 26.077, 26.926, 15.0, 15.033, 15.297, 18.028, 18.601, 19.849, 21.932, 24.207, 25.807, 28.302, 16.0, 16.031, 16.125, 16.279, 16.492, 16.763, 17.464, 19.416, 20.616, 22.627, 23.345, 25.612, 28.018, 28.844, 17.0, 17.029, 17.117, 17.263, 17.72, 18.028, 20.809, 22.023, 22.672, 23.345, 24.042, 24.759, 25.495, 27.803, 28.601, 18.0, 18.028, 18.111, 18.248, 18.682, 18.974, 19.313, 19.698, 20.591, 22.804, 24.083, 24.759, 26.173, 28.425, 29.206, 30.0, 19.0, 19.026, 19.105, 19.235, 19.416, 19.925, 20.248, 20.616, 21.471, 21.954, 23.022, 23.601, 24.839, 25.495, 26.173, 30.61], [11.705, 11.402, 12.042, 11.045, 12.0, 0.0, 11.045, 12.166, 10.198, 7.28, 6.325, 4.472, 2.236, 12.369, 11.402, 9.487, 8.544, 7.616, 6.708, 4.243, 3.606, 12.649, 10.77, 9.849, 8.944, 12.649, 13.0, 12.083, 11.18, 10.296, 9.434, 5.099, 13.416, 12.53, 11.662, 10.817, 9.22, 8.485, 7.211, 6.325, 6.083, 6.325, 13.892, 13.038, 12.207, 11.402, 10.63, 9.899, 8.602, 8.062, 13.892, 14.422, 13.601, 12.806, 12.042, 11.314, 10.63, 10.0, 14.213, 13.454, 12.728, 12.042, 11.402, 10.817, 10.296, 9.849, 9.22, 10.296, 15.62, 14.866, 12.806, 11.662, 10.198, 15.556, 14.866, 12.53, 11.705, 11.045, 12.083, 13.038, 16.971, 16.279, 15.62, 13.892, 12.166, 12.042, 12.166, 12.369, 12.649, 13.416, 16.971, 17.692, 17.029, 15.811, 15.264, 14.318, 13.928, 13.601, 13.038, 13.153, 13.342, 13.601, 13.928, 14.765, 17.029, 18.439, 17.804, 17.205, 16.643, 14.0, 14.036, 14.142, 15.232, 15.652, 17.205, 17.804, 19.209, 18.601, 17.493, 15.133, 15.033, 15.033, 15.524, 16.553, 17.493, 19.209, 20.0, 19.416, 18.868, 18.358, 17.889, 17.464, 16.763, 16.031, 16.031, 16.492, 16.763, 17.889, 19.416, 20.0, 20.809, 20.248, 19.723, 19.235, 18.385, 18.028, 17.0, 17.117, 17.263, 17.464, 17.72, 18.028, 18.385, 19.723, 20.248, 21.633, 21.095, 20.591, 20.125, 19.313, 18.974, 18.682, 18.439, 18.111, 18.111, 18.439, 18.682, 19.313, 20.591, 21.095, 21.633, 22.472, 21.954, 21.471, 21.024, 20.616, 19.925, 19.647, 19.416, 19.105, 19.026, 19.026, 19.105, 19.416, 19.647, 19.925, 22.472], [22.561, 22.361, 2.236, 22.091, 1.414, 11.045, 0.0, 1.414, 1.414, 4.123, 5.099, 7.071, 10.05, 2.236, 2.0, 2.828, 3.606, 4.472, 5.385, 8.246, 9.22, 3.162, 3.162, 3.606, 4.243, 23.195, 4.123, 4.0, 4.123, 4.472, 5.0, 10.77, 5.099, 5.0, 5.099, 5.385, 6.403, 7.071, 8.602, 10.296, 13.0, 13.928, 6.083, 6.0, 6.083, 6.325, 6.708, 7.211, 8.485, 9.22, 23.77, 7.071, 7.0, 7.071, 7.28, 7.616, 8.062, 8.602, 8.0, 8.062, 8.246, 8.544, 8.944, 9.434, 10.0, 10.63, 12.042, 17.889, 9.055, 9.0, 9.487, 10.296, 12.728, 10.0, 10.05, 11.18, 12.207, 15.62, 18.868, 20.591, 11.045, 11.0, 11.045, 11.705, 14.213, 16.279, 17.029, 17.804, 18.601, 20.248, 25.495, 12.042, 12.0, 12.166, 12.369, 13.0, 13.416, 13.892, 15.62, 17.692, 18.439, 19.209, 20.0, 21.633, 25.06, 13.038, 13.0, 13.038, 13.153, 17.029, 17.692, 18.385, 21.401, 22.204, 24.698, 25.554, 14.036, 14.0, 14.142, 16.643, 17.205, 18.439, 20.518, 22.804, 24.413, 26.926, 15.033, 15.0, 15.033, 15.133, 15.297, 15.524, 16.155, 18.028, 19.209, 21.213, 21.932, 24.207, 26.627, 27.459, 16.031, 16.0, 16.031, 16.125, 16.492, 16.763, 19.416, 20.616, 21.26, 21.932, 22.627, 23.345, 24.083, 26.401, 27.203, 17.029, 17.0, 17.029, 17.117, 17.464, 17.72, 18.028, 18.385, 19.235, 21.401, 22.672, 23.345, 24.759, 27.019, 27.803, 28.601, 18.028, 18.0, 18.028, 18.111, 18.248, 18.682, 18.974, 19.313, 20.125, 20.591, 21.633, 22.204, 23.431, 24.083, 24.759, 29.206], [23.77, 23.537, 3.0, 23.195, 2.0, 12.166, 1.414, 0.0, 2.0, 5.0, 6.0, 8.0, 11.0, 1.0, 1.414, 3.162, 4.123, 5.099, 6.083, 9.055, 10.05, 2.0, 2.828, 3.606, 4.472, 24.083, 3.0, 3.162, 3.606, 4.243, 5.0, 11.402, 4.0, 4.123, 4.472, 5.0, 6.403, 7.211, 8.944, 10.77, 13.601, 14.56, 5.0, 5.099, 5.385, 5.831, 6.403, 7.071, 8.602, 9.434, 24.515, 6.0, 6.083, 6.325, 6.708, 7.211, 7.81, 8.485, 7.071, 7.28, 7.616, 8.062, 8.602, 9.22, 9.899, 10.63, 12.207, 18.385, 8.0, 8.062, 8.944, 10.0, 12.806, 9.055, 9.22, 10.817, 12.042, 15.811, 19.235, 21.024, 10.0, 10.05, 10.198, 11.18, 14.142, 16.401, 17.205, 18.028, 18.868, 20.591, 26.0, 11.0, 11.045, 11.402, 11.705, 12.53, 13.038, 13.601, 15.556, 17.804, 18.601, 19.416, 20.248, 21.954, 25.495, 12.0, 12.042, 12.166, 12.369, 16.971, 17.692, 18.439, 21.633, 22.472, 25.06, 25.942, 13.0, 13.038, 13.342, 16.401, 17.029, 18.385, 20.616, 23.022, 24.698, 27.295, 14.0, 14.036, 14.142, 14.318, 14.56, 14.866, 15.652, 17.804, 19.105, 21.26, 22.023, 24.413, 26.926, 27.785, 15.0, 15.033, 15.133, 15.297, 15.811, 16.155, 19.209, 20.518, 21.213, 21.932, 22.672, 23.431, 24.207, 26.627, 27.459, 16.0, 16.031, 16.125, 16.279, 16.763, 17.088, 17.464, 17.889, 18.868, 21.26, 22.627, 23.345, 24.839, 27.203, 28.018, 28.844, 17.0, 17.029, 17.117, 17.263, 17.464, 18.028, 18.385, 18.788, 19.723, 20.248, 21.401, 22.023, 23.345, 24.042, 24.759, 29.411], [21.84, 21.587, 3.606, 21.213, 2.828, 10.198, 1.414, 2.0, 0.0, 3.0, 4.0, 6.0, 9.0, 2.236, 1.414, 1.414, 2.236, 3.162, 4.123, 7.071, 8.062, 2.828, 2.0, 2.236, 2.828, 22.091, 3.606, 3.162, 3.0, 3.162, 3.606, 9.487, 4.472, 4.123, 4.0, 4.123, 5.0, 5.657, 7.211, 8.944, 11.705, 12.649, 5.385, 5.099, 5.0, 5.099, 5.385, 5.831, 7.071, 7.81, 22.561, 6.325, 6.083, 6.0, 6.083, 6.325, 6.708, 7.211, 7.071, 7.0, 7.071, 7.28, 7.616, 8.062, 8.602, 9.22, 10.63, 16.553, 8.246, 8.062, 8.246, 8.944, 11.314, 9.055, 9.0, 9.849, 10.817, 14.213, 17.493, 19.235, 10.198, 10.05, 10.0, 10.44, 12.806, 14.866, 15.62, 16.401, 17.205, 18.868, 24.166, 11.18, 11.045, 11.045, 11.18, 11.705, 12.083, 12.53, 14.213, 16.279, 17.029, 17.804, 18.601, 20.248, 23.707, 12.166, 12.042, 12.0, 12.042, 15.62, 16.279, 16.971, 20.0, 20.809, 23.324, 24.187, 13.153, 13.038, 13.038, 15.264, 15.811, 17.029, 19.105, 21.401, 23.022, 25.554, 14.142, 14.036, 14.0, 14.036, 14.142, 14.318, 14.866, 16.643, 17.804, 19.799, 20.518, 22.804, 25.239, 26.077, 15.133, 15.033, 15.0, 15.033, 15.297, 15.524, 18.028, 19.209, 19.849, 20.518, 21.213, 21.932, 22.672, 25.0, 25.807, 16.125, 16.031, 16.0, 16.031, 16.279, 16.492, 16.763, 17.088, 17.889, 20.0, 21.26, 21.932, 23.345, 25.612, 26.401, 27.203, 17.117, 17.029, 17.0, 17.029, 17.117, 17.464, 17.72, 18.028, 18.788, 19.235, 20.248, 20.809, 22.023, 22.672, 23.345, 27.803], [18.974, 18.682, 5.831, 18.248, 5.385, 7.28, 4.123, 5.0, 3.0, 0.0, 1.0, 3.0, 6.0, 5.099, 4.123, 2.236, 1.414, 1.0, 1.414, 4.123, 5.099, 5.385, 3.606, 2.828, 2.236, 19.105, 5.831, 5.0, 4.243, 3.606, 3.162, 6.708, 6.403, 5.657, 5.0, 4.472, 4.0, 4.123, 5.0, 6.403, 8.944, 9.849, 7.071, 6.403, 5.831, 5.385, 5.099, 5.0, 5.385, 5.831, 19.647, 7.81, 7.211, 6.708, 6.325, 6.083, 6.0, 6.083, 8.062, 7.616, 7.28, 7.071, 7.0, 7.071, 7.28, 7.616, 8.602, 13.892, 9.434, 8.944, 8.062, 8.062, 9.434, 9.849, 9.487, 9.055, 9.487, 12.042, 15.0, 16.643, 11.18, 10.77, 10.44, 10.0, 11.18, 12.806, 13.454, 14.142, 14.866, 16.401, 21.471, 12.083, 11.705, 11.18, 11.045, 11.045, 11.18, 11.402, 12.53, 14.213, 14.866, 15.556, 16.279, 17.804, 21.095, 13.0, 12.649, 12.369, 12.166, 13.892, 14.422, 15.0, 17.692, 18.439, 20.809, 21.633, 13.928, 13.601, 13.153, 13.928, 14.318, 15.264, 17.029, 19.105, 20.616, 23.022, 14.866, 14.56, 14.318, 14.142, 14.036, 14.0, 14.142, 15.232, 16.125, 17.804, 18.439, 20.518, 22.804, 23.601, 15.811, 15.524, 15.297, 15.133, 15.0, 15.033, 16.553, 17.493, 18.028, 18.601, 19.209, 19.849, 20.518, 22.672, 23.431, 16.763, 16.492, 16.279, 16.125, 16.0, 16.031, 16.125, 16.279, 16.763, 18.358, 19.416, 20.0, 21.26, 23.345, 24.083, 24.839, 17.72, 17.464, 17.263, 17.117, 17.029, 17.029, 17.117, 17.263, 17.72, 18.028, 18.788, 19.235, 20.248, 20.809, 21.401, 25.495], [18.028, 17.72, 6.708, 17.263, 6.325, 6.325, 5.099, 6.0, 4.0, 1.0, 0.0, 2.0, 5.0, 6.083, 5.099, 3.162, 2.236, 1.414, 1.0, 3.162, 4.123, 6.325, 4.472, 3.606, 2.828, 18.111, 6.708, 5.831, 5.0, 4.243, 3.606, 5.831, 7.211, 6.403, 5.657, 5.0, 4.123, 4.0, 4.472, 5.657, 8.062, 8.944, 7.81, 7.071, 6.403, 5.831, 5.385, 5.099, 5.099, 5.385, 18.682, 8.485, 7.81, 7.211, 6.708, 6.325, 6.083, 6.0, 8.602, 8.062, 7.616, 7.28, 7.071, 7.0, 7.071, 7.28, 8.062, 13.038, 10.0, 9.434, 8.246, 8.0, 8.944, 10.296, 9.849, 9.0, 9.22, 11.402, 14.213, 15.811, 11.662, 11.18, 10.77, 10.05, 10.77, 12.207, 12.806, 13.454, 14.142, 15.62, 20.591, 12.53, 12.083, 11.402, 11.18, 11.0, 11.045, 11.18, 12.083, 13.601, 14.213, 14.866, 15.556, 17.029, 20.248, 13.416, 13.0, 12.649, 12.369, 13.416, 13.892, 14.422, 16.971, 17.692, 20.0, 20.809, 14.318, 13.928, 13.342, 13.601, 13.928, 14.765, 16.401, 18.385, 19.849, 22.204, 15.232, 14.866, 14.56, 14.318, 14.142, 14.036, 14.036, 14.866, 15.652, 17.205, 17.804, 19.799, 22.023, 22.804, 16.155, 15.811, 15.524, 15.297, 15.033, 15.0, 16.155, 17.0, 17.493, 18.028, 18.601, 19.209, 19.849, 21.932, 22.672, 17.088, 16.763, 16.492, 16.279, 16.031, 16.0, 16.031, 16.125, 16.492, 17.889, 18.868, 19.416, 20.616, 22.627, 23.345, 24.083, 18.028, 17.72, 17.464, 17.263, 17.117, 17.0, 17.029, 17.117, 17.464, 17.72, 18.385, 18.788, 19.723, 20.248, 20.809, 24.759], [16.155, 15.811, 8.544, 15.297, 8.246, 4.472, 7.071, 8.0, 6.0, 3.0, 2.0, 0.0, 3.0, 8.062, 7.071, 5.099, 4.123, 3.162, 2.236, 1.414, 2.236, 8.246, 6.325, 5.385, 4.472, 16.125, 8.544, 7.616, 6.708, 5.831, 5.0, 4.243, 8.944, 8.062, 7.211, 6.403, 5.0, 4.472, 4.0, 4.472, 6.403, 7.211, 9.434, 8.602, 7.81, 7.071, 6.403, 5.831, 5.099, 5.0, 16.763, 10.0, 9.22, 8.485, 7.81, 7.211, 6.708, 6.325, 9.899, 9.22, 8.602, 8.062, 7.616, 7.28, 7.071, 7.0, 7.28, 11.402, 11.314, 10.63, 8.944, 8.246, 8.246, 11.402, 10.817, 9.22, 9.0, 10.296, 12.728, 14.213, 12.806, 12.207, 11.662, 10.44, 10.198, 11.18, 11.662, 12.207, 12.806, 14.142, 18.868, 13.601, 13.038, 12.083, 11.705, 11.18, 11.045, 11.0, 11.402, 12.53, 13.038, 13.601, 14.213, 15.556, 18.601, 14.422, 13.892, 13.416, 13.0, 12.649, 13.0, 13.416, 15.62, 16.279, 18.439, 19.209, 15.264, 14.765, 13.928, 13.153, 13.342, 13.928, 15.264, 17.029, 18.385, 20.616, 16.125, 15.652, 15.232, 14.866, 14.56, 14.318, 14.036, 14.318, 14.866, 16.125, 16.643, 18.439, 20.518, 21.26, 17.0, 16.553, 16.155, 15.811, 15.297, 15.133, 15.524, 16.155, 16.553, 17.0, 17.493, 18.028, 18.601, 20.518, 21.213, 17.889, 17.464, 17.088, 16.763, 16.279, 16.125, 16.031, 16.0, 16.125, 17.088, 17.889, 18.358, 19.416, 21.26, 21.932, 22.627, 18.788, 18.385, 18.028, 17.72, 17.464, 17.117, 17.029, 17.0, 17.117, 17.263, 17.72, 18.028, 18.788, 19.235, 19.723, 23.345], [13.416, 13.0, 11.402, 12.369, 11.18, 2.236, 10.05, 11.0, 9.0, 6.0, 5.0, 3.0, 0.0, 11.045, 10.05, 8.062, 7.071, 6.083, 5.099, 2.236, 1.414, 11.18, 9.22, 8.246, 7.28, 13.153, 11.402, 10.44, 9.487, 8.544, 7.616, 3.0, 11.705, 10.77, 9.849, 8.944, 7.211, 6.403, 5.0, 4.123, 4.472, 5.0, 12.083, 11.18, 10.296, 9.434, 8.602, 7.81, 6.403, 5.831, 13.928, 12.53, 11.662, 10.817, 10.0, 9.22, 8.485, 7.81, 12.207, 11.402, 10.63, 9.899, 9.22, 8.602, 8.062, 7.616, 7.071, 9.22, 13.601, 12.806, 10.63, 9.434, 8.062, 13.454, 12.728, 10.296, 9.487, 9.22, 10.817, 12.042, 14.866, 14.142, 13.454, 11.662, 10.05, 10.198, 10.44, 10.77, 11.18, 12.207, 16.401, 15.556, 14.866, 13.601, 13.038, 12.083, 11.705, 11.402, 11.0, 11.402, 11.705, 12.083, 12.53, 13.601, 16.279, 16.279, 15.62, 15.0, 14.422, 12.042, 12.166, 12.369, 13.892, 14.422, 16.279, 16.971, 17.029, 16.401, 15.264, 13.038, 13.0, 13.153, 13.928, 15.264, 16.401, 18.385, 17.804, 17.205, 16.643, 16.125, 15.652, 15.232, 14.56, 14.0, 14.142, 14.866, 15.232, 16.643, 18.439, 19.105, 18.601, 18.028, 17.493, 17.0, 16.155, 15.811, 15.033, 15.297, 15.524, 15.811, 16.155, 16.553, 17.0, 18.601, 19.209, 19.416, 18.868, 18.358, 17.889, 17.088, 16.763, 16.492, 16.279, 16.031, 16.279, 16.763, 17.088, 17.889, 19.416, 20.0, 20.616, 20.248, 19.723, 19.235, 18.788, 18.385, 17.72, 17.464, 17.263, 17.029, 17.0, 17.117, 17.263, 17.72, 18.028, 18.385, 21.401], [24.042, 23.77, 4.0, 23.345, 3.0, 12.369, 2.236, 1.0, 2.236, 5.099, 6.083, 8.062, 11.045, 0.0, 1.0, 3.0, 4.0, 5.0, 6.0, 9.0, 10.0, 1.0, 2.236, 3.162, 4.123, 24.021, 2.0, 2.236, 2.828, 3.606, 4.472, 11.18, 3.0, 3.162, 3.606, 4.243, 5.831, 6.708, 8.544, 10.44, 13.342, 14.318, 4.0, 4.123, 4.472, 5.0, 5.657, 6.403, 8.062, 8.944, 24.331, 5.0, 5.099, 5.385, 5.831, 6.403, 7.071, 7.81, 6.083, 6.325, 6.708, 7.211, 7.81, 8.485, 9.22, 10.0, 11.662, 18.028, 7.0, 7.071, 8.062, 9.22, 12.207, 8.062, 8.246, 10.0, 11.314, 15.264, 18.788, 20.616, 9.0, 9.055, 9.22, 10.296, 13.454, 15.811, 16.643, 17.493, 18.358, 20.125, 25.632, 10.0, 10.05, 10.44, 10.77, 11.662, 12.207, 12.806, 14.866, 17.205, 18.028, 18.868, 19.723, 21.471, 25.08, 11.0, 11.045, 11.18, 11.402, 16.279, 17.029, 17.804, 21.095, 21.954, 24.597, 25.495, 12.0, 12.042, 12.369, 15.62, 16.279, 17.692, 20.0, 22.472, 24.187, 26.833, 13.0, 13.038, 13.153, 13.342, 13.601, 13.928, 14.765, 17.029, 18.385, 20.616, 21.401, 23.854, 26.42, 27.295, 14.0, 14.036, 14.142, 14.318, 14.866, 15.232, 18.439, 19.799, 20.518, 21.26, 22.023, 22.804, 23.601, 26.077, 26.926, 15.0, 15.033, 15.133, 15.297, 15.811, 16.155, 16.553, 17.0, 18.028, 20.518, 21.932, 22.672, 24.207, 26.627, 27.459, 28.302, 16.0, 16.031, 16.125, 16.279, 16.492, 17.088, 17.464, 17.889, 18.868, 19.416, 20.616, 21.26, 22.627, 23.345, 24.083, 28.844], [23.087, 22.804, 4.123, 22.361, 3.162, 11.402, 2.0, 1.414, 1.414, 4.123, 5.099, 7.071, 10.05, 1.0, 0.0, 2.0, 3.0, 4.0, 5.0, 8.0, 9.0, 1.414, 1.414, 2.236, 3.162, 23.022, 2.236, 2.0, 2.236, 2.828, 3.606, 10.198, 3.162, 3.0, 3.162, 3.606, 5.0, 5.831, 7.616, 9.487, 12.369, 13.342, 4.123, 4.0, 4.123, 4.472, 5.0, 5.657, 7.211, 8.062, 23.345, 5.099, 5.0, 5.099, 5.385, 5.831, 6.403, 7.071, 6.0, 6.083, 6.325, 6.708, 7.211, 7.81, 8.485, 9.22, 10.817, 17.088, 7.071, 7.0, 7.616, 8.602, 11.402, 8.0, 8.062, 9.434, 10.63, 14.422, 17.889, 19.698, 9.055, 9.0, 9.055, 9.849, 12.728, 15.0, 15.811, 16.643, 17.493, 19.235, 24.698, 10.05, 10.0, 10.198, 10.44, 11.18, 11.662, 12.207, 14.142, 16.401, 17.205, 18.028, 18.868, 20.591, 24.166, 11.045, 11.0, 11.045, 11.18, 15.556, 16.279, 17.029, 20.248, 21.095, 23.707, 24.597, 12.042, 12.0, 12.166, 15.0, 15.62, 16.971, 19.209, 21.633, 23.324, 25.942, 13.038, 13.0, 13.038, 13.153, 13.342, 13.601, 14.318, 16.401, 17.692, 19.849, 20.616, 23.022, 25.554, 26.42, 14.036, 14.0, 14.036, 14.142, 14.56, 14.866, 17.804, 19.105, 19.799, 20.518, 21.26, 22.023, 22.804, 25.239, 26.077, 15.033, 15.0, 15.033, 15.133, 15.524, 15.811, 16.155, 16.553, 17.493, 19.849, 21.213, 21.932, 23.431, 25.807, 26.627, 27.459, 16.031, 16.0, 16.031, 16.125, 16.279, 16.763, 17.088, 17.464, 18.358, 18.868, 20.0, 20.616, 21.932, 22.627, 23.345, 28.018], [21.19, 20.881, 5.0, 20.396, 4.243, 9.487, 2.828, 3.162, 1.414, 2.236, 3.162, 5.099, 8.062, 3.0, 2.0, 0.0, 1.0, 2.0, 3.0, 6.0, 7.0, 3.162, 1.414, 1.0, 1.414, 21.024, 3.606, 2.828, 2.236, 2.0, 2.236, 8.246, 4.243, 3.606, 3.162, 3.0, 3.606, 4.243, 5.831, 7.616, 10.44, 11.402, 5.0, 4.472, 4.123, 4.0, 4.123, 4.472, 5.657, 6.403, 21.378, 5.831, 5.385, 5.099, 5.0, 5.099, 5.385, 5.831, 6.325, 6.083, 6.0, 6.083, 6.325, 6.708, 7.211, 7.81, 9.22, 15.232, 7.616, 7.28, 7.071, 7.616, 9.899, 8.246, 8.062, 8.544, 9.434, 12.806, 16.125, 17.889, 9.487, 9.22, 9.055, 9.22, 11.402, 13.454, 14.213, 15.0, 15.811, 17.493, 22.847, 10.44, 10.198, 10.0, 10.05, 10.44, 10.77, 11.18, 12.806, 14.866, 15.62, 16.401, 17.205, 18.868, 22.361, 11.402, 11.18, 11.045, 11.0, 14.213, 14.866, 15.556, 18.601, 19.416, 21.954, 22.825, 12.369, 12.166, 12.0, 13.892, 14.422, 15.62, 17.692, 20.0, 21.633, 24.187, 13.342, 13.153, 13.038, 13.0, 13.038, 13.153, 13.601, 15.264, 16.401, 18.385, 19.105, 21.401, 23.854, 24.698, 14.318, 14.142, 14.036, 14.0, 14.142, 14.318, 16.643, 17.804, 18.439, 19.105, 19.799, 20.518, 21.26, 23.601, 24.413, 15.297, 15.133, 15.033, 15.0, 15.133, 15.297, 15.524, 15.811, 16.553, 18.601, 19.849, 20.518, 21.932, 24.207, 25.0, 25.807, 16.279, 16.125, 16.031, 16.0, 16.031, 16.279, 16.492, 16.763, 17.464, 17.889, 18.868, 19.416, 20.616, 21.26, 21.932, 26.401], [20.248, 19.925, 5.657, 19.416, 5.0, 8.544, 3.606, 4.123, 2.236, 1.414, 2.236, 4.123, 7.071, 4.0, 3.0, 1.0, 0.0, 1.0, 2.0, 5.0, 6.0, 4.123, 2.236, 1.414, 1.0, 20.025, 4.472, 3.606, 2.828, 2.236, 2.0, 7.28, 5.0, 4.243, 3.606, 3.162, 3.162, 3.606, 5.0, 6.708, 9.487, 10.44, 5.657, 5.0, 4.472, 4.123, 4.0, 4.123, 5.0, 5.657, 20.396, 6.403, 5.831, 5.385, 5.099, 5.0, 5.099, 5.385, 6.708, 6.325, 6.083, 6.0, 6.083, 6.325, 6.708, 7.211, 8.485, 14.318, 8.062, 7.616, 7.0, 7.28, 9.22, 8.544, 8.246, 8.246, 8.944, 12.042, 15.264, 17.0, 9.849, 9.487, 9.22, 9.055, 10.817, 12.728, 13.454, 14.213, 15.0, 16.643, 21.932, 10.77, 10.44, 10.05, 10.0, 10.198, 10.44, 10.77, 12.207, 14.142, 14.866, 15.62, 16.401, 18.028, 21.471, 11.705, 11.402, 11.18, 11.045, 13.601, 14.213, 14.866, 17.804, 18.601, 21.095, 21.954, 12.649, 12.369, 12.042, 13.416, 13.892, 15.0, 16.971, 19.209, 20.809, 23.324, 13.601, 13.342, 13.153, 13.038, 13.0, 13.038, 13.342, 14.765, 15.811, 17.692, 18.385, 20.616, 23.022, 23.854, 14.56, 14.318, 14.142, 14.036, 14.036, 14.142, 16.125, 17.205, 17.804, 18.439, 19.105, 19.799, 20.518, 22.804, 23.601, 15.524, 15.297, 15.133, 15.033, 15.033, 15.133, 15.297, 15.524, 16.155, 18.028, 19.209, 19.849, 21.213, 23.431, 24.207, 25.0, 16.492, 16.279, 16.125, 16.031, 16.0, 16.125, 16.279, 16.492, 17.088, 17.464, 18.358, 18.868, 20.0, 20.616, 21.26, 25.612], [19.313, 18.974, 6.403, 18.439, 5.831, 7.616, 4.472, 5.099, 3.162, 1.0, 1.414, 3.162, 6.083, 5.0, 4.0, 2.0, 1.0, 0.0, 1.0, 4.0, 5.0, 5.099, 3.162, 2.236, 1.414, 19.026, 5.385, 4.472, 3.606, 2.828, 2.236, 6.325, 5.831, 5.0, 4.243, 3.606, 3.0, 3.162, 4.243, 5.831, 8.544, 9.487, 6.403, 5.657, 5.0, 4.472, 4.123, 4.0, 4.472, 5.0, 19.416, 7.071, 6.403, 5.831, 5.385, 5.099, 5.0, 5.099, 7.211, 6.708, 6.325, 6.083, 6.0, 6.083, 6.325, 6.708, 7.81, 13.416, 8.602, 8.062, 7.071, 7.071, 8.602, 8.944, 8.544, 8.062, 8.544, 11.314, 14.422, 16.125, 10.296, 9.849, 9.487, 9.0, 10.296, 12.042, 12.728, 13.454, 14.213, 15.811, 21.024, 11.18, 10.77, 10.198, 10.05, 10.05, 10.198, 10.44, 11.662, 13.454, 14.142, 14.866, 15.62, 17.205, 20.591, 12.083, 11.705, 11.402, 11.18, 13.038, 13.601, 14.213, 17.029, 17.804, 20.248, 21.095, 13.0, 12.649, 12.166, 13.0, 13.416, 14.422, 16.279, 18.439, 20.0, 22.472, 13.928, 13.601, 13.342, 13.153, 13.038, 13.0, 13.153, 14.318, 15.264, 17.029, 17.692, 19.849, 22.204, 23.022, 14.866, 14.56, 14.318, 14.142, 14.0, 14.036, 15.652, 16.643, 17.205, 17.804, 18.439, 19.105, 19.799, 22.023, 22.804, 15.811, 15.524, 15.297, 15.133, 15.0, 15.033, 15.133, 15.297, 15.811, 17.493, 18.601, 19.209, 20.518, 22.672, 23.431, 24.207, 16.763, 16.492, 16.279, 16.125, 16.031, 16.031, 16.125, 16.279, 16.763, 17.088, 17.889, 18.358, 19.416, 20.0, 20.616, 24.839], [18.385, 18.028, 7.211, 17.464, 6.708, 6.708, 5.385, 6.083, 4.123, 1.414, 1.0, 2.236, 5.099, 6.0, 5.0, 3.0, 2.0, 1.0, 0.0, 3.0, 4.0, 6.083, 4.123, 3.162, 2.236, 18.028, 6.325, 5.385, 4.472, 3.606, 2.828, 5.385, 6.708, 5.831, 5.0, 4.243, 3.162, 3.0, 3.606, 5.0, 7.616, 8.544, 7.211, 6.403, 5.657, 5.0, 4.472, 4.123, 4.123, 4.472, 18.439, 7.81, 7.071, 6.403, 5.831, 5.385, 5.099, 5.0, 7.81, 7.211, 6.708, 6.325, 6.083, 6.0, 6.083, 6.325, 7.211, 12.53, 9.22, 8.602, 7.28, 7.0, 8.062, 9.434, 8.944, 8.0, 8.246, 10.63, 13.601, 15.264, 10.817, 10.296, 9.849, 9.055, 9.849, 11.402, 12.042, 12.728, 13.454, 15.0, 20.125, 11.662, 11.18, 10.44, 10.198, 10.0, 10.05, 10.198, 11.18, 12.806, 13.454, 14.142, 14.866, 16.401, 19.723, 12.53, 12.083, 11.705, 11.402, 12.53, 13.038, 13.601, 16.279, 17.029, 19.416, 20.248, 13.416, 13.0, 12.369, 12.649, 13.0, 13.892, 15.62, 17.692, 19.209, 21.633, 14.318, 13.928, 13.601, 13.342, 13.153, 13.038, 13.038, 13.928, 14.765, 16.401, 17.029, 19.105, 21.401, 22.204, 15.232, 14.866, 14.56, 14.318, 14.036, 14.0, 15.232, 16.125, 16.643, 17.205, 17.804, 18.439, 19.105, 21.26, 22.023, 16.155, 15.811, 15.524, 15.297, 15.033, 15.0, 15.033, 15.133, 15.524, 17.0, 18.028, 18.601, 19.849, 21.932, 22.672, 23.431, 17.088, 16.763, 16.492, 16.279, 16.125, 16.0, 16.031, 16.125, 16.492, 16.763, 17.464, 17.889, 18.868, 19.416, 20.0, 24.083], [15.652, 15.232, 9.849, 14.56, 9.487, 4.243, 8.246, 9.055, 7.071, 4.123, 3.162, 1.414, 2.236, 9.0, 8.0, 6.0, 5.0, 4.0, 3.0, 0.0, 1.0, 9.055, 7.071, 6.083, 5.099, 15.033, 9.22, 8.246, 7.28, 6.325, 5.385, 2.828, 9.487, 8.544, 7.616, 6.708, 5.0, 4.243, 3.162, 3.162, 5.0, 5.831, 9.849, 8.944, 8.062, 7.211, 6.403, 5.657, 4.472, 4.123, 15.524, 10.296, 9.434, 8.602, 7.81, 7.071, 6.403, 5.831, 10.0, 9.22, 8.485, 7.81, 7.211, 6.708, 6.325, 6.083, 6.083, 10.0, 11.402, 10.63, 8.602, 7.616, 7.071, 11.314, 10.63, 8.544, 8.062, 8.944, 11.314, 12.806, 12.728, 12.042, 11.402, 9.849, 9.055, 9.849, 10.296, 10.817, 11.402, 12.728, 17.493, 13.454, 12.806, 11.662, 11.18, 10.44, 10.198, 10.05, 10.198, 11.18, 11.662, 12.207, 12.806, 14.142, 17.205, 14.213, 13.601, 13.038, 12.53, 11.402, 11.705, 12.083, 14.213, 14.866, 17.029, 17.804, 15.0, 14.422, 13.416, 12.042, 12.166, 12.649, 13.892, 15.62, 16.971, 19.209, 15.811, 15.264, 14.765, 14.318, 13.928, 13.601, 13.153, 13.153, 13.601, 14.765, 15.264, 17.029, 19.105, 19.849, 16.643, 16.125, 15.652, 15.232, 14.56, 14.318, 14.318, 14.866, 15.232, 15.652, 16.125, 16.643, 17.205, 19.105, 19.799, 17.493, 17.0, 16.553, 16.155, 15.524, 15.297, 15.133, 15.033, 15.033, 15.811, 16.553, 17.0, 18.028, 19.849, 20.518, 21.213, 18.358, 17.889, 17.464, 17.088, 16.763, 16.279, 16.125, 16.031, 16.031, 16.125, 16.492, 16.763, 17.464, 17.889, 18.358, 21.932], [14.765, 14.318, 10.77, 13.601, 10.44, 3.606, 9.22, 10.05, 8.062, 5.099, 4.123, 2.236, 1.414, 10.0, 9.0, 7.0, 6.0, 5.0, 4.0, 1.0, 0.0, 10.05, 8.062, 7.071, 6.083, 14.036, 10.198, 9.22, 8.246, 7.28, 6.325, 2.236, 10.44, 9.487, 8.544, 7.616, 5.831, 5.0, 3.606, 3.0, 4.243, 5.0, 10.77, 9.849, 8.944, 8.062, 7.211, 6.403, 5.0, 4.472, 14.56, 11.18, 10.296, 9.434, 8.602, 7.81, 7.071, 6.403, 10.817, 10.0, 9.22, 8.485, 7.81, 7.211, 6.708, 6.325, 6.0, 9.22, 12.207, 11.402, 9.22, 8.062, 7.0, 12.042, 11.314, 8.944, 8.246, 8.544, 10.63, 12.042, 13.454, 12.728, 12.042, 10.296, 9.0, 9.487, 9.849, 10.296, 10.817, 12.042, 16.643, 14.142, 13.454, 12.207, 11.662, 10.77, 10.44, 10.198, 10.05, 10.77, 11.18, 11.662, 12.207, 13.454, 16.401, 14.866, 14.213, 13.601, 13.038, 11.18, 11.402, 11.705, 13.601, 14.213, 16.279, 17.029, 15.62, 15.0, 13.892, 12.0, 12.042, 12.369, 13.416, 15.0, 16.279, 18.439, 16.401, 15.811, 15.264, 14.765, 14.318, 13.928, 13.342, 13.038, 13.342, 14.318, 14.765, 16.401, 18.385, 19.105, 17.205, 16.643, 16.125, 15.652, 14.866, 14.56, 14.142, 14.56, 14.866, 15.232, 15.652, 16.125, 16.643, 18.439, 19.105, 18.028, 17.493, 17.0, 16.553, 15.811, 15.524, 15.297, 15.133, 15.0, 15.524, 16.155, 16.553, 17.493, 19.209, 19.849, 20.518, 18.868, 18.358, 17.889, 17.464, 17.088, 16.492, 16.279, 16.125, 16.0, 16.031, 16.279, 16.492, 17.088, 17.464, 17.889, 21.26], [24.352, 24.042, 5.0, 23.537, 4.0, 12.649, 3.162, 2.0, 2.828, 5.385, 6.325, 8.246, 11.18, 1.0, 1.414, 3.162, 4.123, 5.099, 6.083, 9.055, 10.05, 0.0, 2.0, 3.0, 4.0, 24.0, 1.0, 1.414, 2.236, 3.162, 4.123, 11.045, 2.0, 2.236, 2.828, 3.606, 5.385, 6.325, 8.246, 10.198, 13.153, 14.142, 3.0, 3.162, 3.606, 4.243, 5.0, 5.831, 7.616, 8.544, 24.187, 4.0, 4.123, 4.472, 5.0, 5.657, 6.403, 7.211, 5.099, 5.385, 5.831, 6.403, 7.071, 7.81, 8.602, 9.434, 11.18, 17.72, 6.0, 6.083, 7.211, 8.485, 11.662, 7.071, 7.28, 9.22, 10.63, 14.765, 18.385, 20.248, 8.0, 8.062, 8.246, 9.434, 12.806, 15.264, 16.125, 17.0, 17.889, 19.698, 25.298, 9.0, 9.055, 9.487, 9.849, 10.817, 11.402, 12.042, 14.213, 16.643, 17.493, 18.358, 19.235, 21.024, 24.698, 10.0, 10.05, 10.198, 10.44, 15.62, 16.401, 17.205, 20.591, 21.471, 24.166, 25.08, 11.0, 11.045, 11.402, 14.866, 15.556, 17.029, 19.416, 21.954, 23.707, 26.401, 12.0, 12.042, 12.166, 12.369, 12.649, 13.0, 13.892, 16.279, 17.692, 20.0, 20.809, 23.324, 25.942, 26.833, 13.0, 13.038, 13.153, 13.342, 13.928, 14.318, 17.692, 19.105, 19.849, 20.616, 21.401, 22.204, 23.022, 25.554, 26.42, 14.0, 14.036, 14.142, 14.318, 14.866, 15.232, 15.652, 16.125, 17.205, 19.799, 21.26, 22.023, 23.601, 26.077, 26.926, 27.785, 15.0, 15.033, 15.133, 15.297, 15.524, 16.155, 16.553, 17.0, 18.028, 18.601, 19.849, 20.518, 21.932, 22.672, 23.431, 28.302], [22.472, 22.136, 5.385, 21.587, 4.472, 10.77, 3.162, 2.828, 2.0, 3.606, 4.472, 6.325, 9.22, 2.236, 1.414, 1.414, 2.236, 3.162, 4.123, 7.071, 8.062, 2.0, 0.0, 1.0, 2.0, 22.0, 2.236, 1.414, 1.0, 1.414, 2.236, 9.055, 2.828, 2.236, 2.0, 2.236, 3.606, 4.472, 6.325, 8.246, 11.18, 12.166, 3.606, 3.162, 3.0, 3.162, 3.606, 4.243, 5.831, 6.708, 22.204, 4.472, 4.123, 4.0, 4.123, 4.472, 5.0, 5.657, 5.099, 5.0, 5.099, 5.385, 5.831, 6.403, 7.071, 7.81, 9.434, 15.811, 6.325, 6.083, 6.325, 7.211, 10.0, 7.071, 7.0, 8.062, 9.22, 13.038, 16.553, 18.385, 8.246, 8.062, 8.0, 8.544, 11.314, 13.601, 14.422, 15.264, 16.125, 17.889, 23.409, 9.22, 9.055, 9.055, 9.22, 9.849, 10.296, 10.817, 12.728, 15.0, 15.811, 16.643, 17.493, 19.235, 22.847, 10.198, 10.05, 10.0, 10.05, 14.142, 14.866, 15.62, 18.868, 19.723, 22.361, 23.259, 11.18, 11.045, 11.045, 13.601, 14.213, 15.556, 17.804, 20.248, 21.954, 24.597, 12.166, 12.042, 12.0, 12.042, 12.166, 12.369, 13.0, 15.0, 16.279, 18.439, 19.209, 21.633, 24.187, 25.06, 13.153, 13.038, 13.0, 13.038, 13.342, 13.601, 16.401, 17.692, 18.385, 19.105, 19.849, 20.616, 21.401, 23.854, 24.698, 14.142, 14.036, 14.0, 14.036, 14.318, 14.56, 14.866, 15.232, 16.125, 18.439, 19.799, 20.518, 22.023, 24.413, 25.239, 26.077, 15.133, 15.033, 15.0, 15.033, 15.133, 15.524, 15.811, 16.155, 17.0, 17.493, 18.601, 19.209, 20.518, 21.213, 21.932, 26.627], [21.541, 21.19, 5.831, 20.616, 5.0, 9.849, 3.606, 3.606, 2.236, 2.828, 3.606, 5.385, 8.246, 3.162, 2.236, 1.0, 1.414, 2.236, 3.162, 6.083, 7.071, 3.0, 1.0, 0.0, 1.0, 21.0, 3.162, 2.236, 1.414, 1.0, 1.414, 8.062, 3.606, 2.828, 2.236, 2.0, 2.828, 3.606, 5.385, 7.28, 10.198, 11.18, 4.243, 3.606, 3.162, 3.0, 3.162, 3.606, 5.0, 5.831, 21.213, 5.0, 4.472, 4.123, 4.0, 4.123, 4.472, 5.0, 5.385, 5.099, 5.0, 5.099, 5.385, 5.831, 6.403, 7.071, 8.602, 14.866, 6.708, 6.325, 6.083, 6.708, 9.22, 7.28, 7.071, 7.616, 8.602, 12.207, 15.652, 17.464, 8.544, 8.246, 8.062, 8.246, 10.63, 12.806, 13.601, 14.422, 15.264, 17.0, 22.472, 9.487, 9.22, 9.0, 9.055, 9.487, 9.849, 10.296, 12.042, 14.213, 15.0, 15.811, 16.643, 18.358, 21.932, 10.44, 10.198, 10.05, 10.0, 13.454, 14.142, 14.866, 18.028, 18.868, 21.471, 22.361, 11.402, 11.18, 11.0, 13.038, 13.601, 14.866, 17.029, 19.416, 21.095, 23.707, 12.369, 12.166, 12.042, 12.0, 12.042, 12.166, 12.649, 14.422, 15.62, 17.692, 18.439, 20.809, 23.324, 24.187, 13.342, 13.153, 13.038, 13.0, 13.153, 13.342, 15.811, 17.029, 17.692, 18.385, 19.105, 19.849, 20.616, 23.022, 23.854, 14.318, 14.142, 14.036, 14.0, 14.142, 14.318, 14.56, 14.866, 15.652, 17.804, 19.105, 19.799, 21.26, 23.601, 24.413, 25.239, 15.297, 15.133, 15.033, 15.0, 15.033, 15.297, 15.524, 15.811, 16.553, 17.0, 18.028, 18.601, 19.849, 20.518, 21.213, 25.807], [20.616, 20.248, 6.403, 19.647, 5.657, 8.944, 4.243, 4.472, 2.828, 2.236, 2.828, 4.472, 7.28, 4.123, 3.162, 1.414, 1.0, 1.414, 2.236, 5.099, 6.083, 4.0, 2.0, 1.0, 0.0, 20.0, 4.123, 3.162, 2.236, 1.414, 1.0, 7.071, 4.472, 3.606, 2.828, 2.236, 2.236, 2.828, 4.472, 6.325, 9.22, 10.198, 5.0, 4.243, 3.606, 3.162, 3.0, 3.162, 4.243, 5.0, 20.224, 5.657, 5.0, 4.472, 4.123, 4.0, 4.123, 4.472, 5.831, 5.385, 5.099, 5.0, 5.099, 5.385, 5.831, 6.403, 7.81, 13.928, 7.211, 6.708, 6.0, 6.325, 8.485, 7.616, 7.28, 7.28, 8.062, 11.402, 14.765, 16.553, 8.944, 8.544, 8.246, 8.062, 10.0, 12.042, 12.806, 13.601, 14.422, 16.125, 21.541, 9.849, 9.487, 9.055, 9.0, 9.22, 9.487, 9.849, 11.402, 13.454, 14.213, 15.0, 15.811, 17.493, 21.024, 10.77, 10.44, 10.198, 10.05, 12.806, 13.454, 14.142, 17.205, 18.028, 20.591, 21.471, 11.705, 11.402, 11.045, 12.53, 13.038, 14.213, 16.279, 18.601, 20.248, 22.825, 12.649, 12.369, 12.166, 12.042, 12.0, 12.042, 12.369, 13.892, 15.0, 16.971, 17.692, 20.0, 22.472, 23.324, 13.601, 13.342, 13.153, 13.038, 13.038, 13.153, 15.264, 16.401, 17.029, 17.692, 18.385, 19.105, 19.849, 22.204, 23.022, 14.56, 14.318, 14.142, 14.036, 14.036, 14.142, 14.318, 14.56, 15.232, 17.205, 18.439, 19.105, 20.518, 22.804, 23.601, 24.413, 15.524, 15.297, 15.133, 15.033, 15.0, 15.133, 15.297, 15.524, 16.155, 16.553, 17.493, 18.028, 19.209, 19.849, 20.518, 25.0], [8.062, 7.071, 24.515, 5.099, 24.331, 12.649, 23.195, 24.083, 22.091, 19.105, 18.111, 16.125, 13.153, 24.021, 23.022, 21.024, 20.025, 19.026, 18.028, 15.033, 14.036, 24.0, 22.0, 21.0, 20.0, 0.0, 24.021, 23.022, 22.023, 21.024, 20.025, 13.038, 24.083, 23.087, 22.091, 21.095, 19.105, 18.111, 16.125, 14.142, 11.18, 10.198, 24.187, 23.195, 22.204, 21.213, 20.224, 19.235, 17.263, 16.279, 3.0, 24.331, 23.345, 22.361, 21.378, 20.396, 19.416, 18.439, 23.537, 22.561, 21.587, 20.616, 19.647, 18.682, 17.72, 16.763, 14.866, 8.602, 24.739, 23.77, 20.881, 18.974, 15.232, 24.042, 23.087, 19.313, 17.464, 13.038, 9.899, 8.602, 25.298, 24.352, 23.409, 20.616, 16.125, 13.601, 12.806, 12.042, 11.314, 10.0, 8.0, 25.632, 24.698, 22.847, 21.932, 20.125, 19.235, 18.358, 15.811, 13.454, 12.728, 12.042, 11.402, 10.296, 9.055, 26.0, 25.08, 24.166, 23.259, 15.62, 14.866, 14.142, 11.662, 11.18, 10.198, 10.05, 26.401, 25.495, 23.707, 17.804, 17.029, 15.556, 13.601, 12.083, 11.402, 11.0, 26.833, 25.942, 25.06, 24.187, 23.324, 22.472, 20.809, 17.692, 16.279, 14.422, 13.892, 12.649, 12.042, 12.0, 27.295, 26.42, 25.554, 24.698, 23.022, 22.204, 17.692, 16.401, 15.811, 15.264, 14.765, 14.318, 13.928, 13.153, 13.038, 27.785, 26.926, 26.077, 25.239, 23.601, 22.804, 22.023, 21.26, 19.799, 17.205, 16.125, 15.652, 14.866, 14.142, 14.036, 14.0, 28.302, 27.459, 26.627, 25.807, 25.0, 23.431, 22.672, 21.932, 20.518, 19.849, 18.601, 18.028, 17.0, 16.553, 16.155, 15.0], [24.698, 24.352, 6.0, 23.77, 5.0, 13.0, 4.123, 3.0, 3.606, 5.831, 6.708, 8.544, 11.402, 2.0, 2.236, 3.606, 4.472, 5.385, 6.325, 9.22, 10.198, 1.0, 2.236, 3.162, 4.123, 24.021, 0.0, 1.0, 2.0, 3.0, 4.0, 11.0, 1.0, 1.414, 2.236, 3.162, 5.099, 6.083, 8.062, 10.05, 13.038, 14.036, 2.0, 2.236, 2.828, 3.606, 4.472, 5.385, 7.28, 8.246, 24.083, 3.0, 3.162, 3.606, 4.243, 5.0, 5.831, 6.708, 4.123, 4.472, 5.0, 5.657, 6.403, 7.211, 8.062, 8.944, 10.77, 17.464, 5.0, 5.099, 6.403, 7.81, 11.18, 6.083, 6.325, 8.485, 10.0, 14.318, 18.028, 19.925, 7.0, 7.071, 7.28, 8.602, 12.207, 14.765, 15.652, 16.553, 17.464, 19.313, 25.0, 8.0, 8.062, 8.544, 8.944, 10.0, 10.63, 11.314, 13.601, 16.125, 17.0, 17.889, 18.788, 20.616, 24.352, 9.0, 9.055, 9.22, 9.487, 15.0, 15.811, 16.643, 20.125, 21.024, 23.77, 24.698, 10.0, 10.05, 10.44, 14.142, 14.866, 16.401, 18.868, 21.471, 23.259, 26.0, 11.0, 11.045, 11.18, 11.402, 11.705, 12.083, 13.038, 15.556, 17.029, 19.416, 20.248, 22.825, 25.495, 26.401, 12.0, 12.042, 12.166, 12.369, 13.0, 13.416, 16.971, 18.439, 19.209, 20.0, 20.809, 21.633, 22.472, 25.06, 25.942, 13.0, 13.038, 13.153, 13.342, 13.928, 14.318, 14.765, 15.264, 16.401, 19.105, 20.616, 21.401, 23.022, 25.554, 26.42, 27.295, 14.0, 14.036, 14.142, 14.318, 14.56, 15.232, 15.652, 16.125, 17.205, 17.804, 19.105, 19.799, 21.26, 22.023, 22.804, 27.785], [23.77, 23.409, 6.083, 22.804, 5.099, 12.083, 4.0, 3.162, 3.162, 5.0, 5.831, 7.616, 10.44, 2.236, 2.0, 2.828, 3.606, 4.472, 5.385, 8.246, 9.22, 1.414, 1.414, 2.236, 3.162, 23.022, 1.0, 0.0, 1.0, 2.0, 3.0, 10.0, 1.414, 1.0, 1.414, 2.236, 4.123, 5.099, 7.071, 9.055, 12.042, 13.038, 2.236, 2.0, 2.236, 2.828, 3.606, 4.472, 6.325, 7.28, 23.087, 3.162, 3.0, 3.162, 3.606, 4.243, 5.0, 5.831, 4.0, 4.123, 4.472, 5.0, 5.657, 6.403, 7.211, 8.062, 9.849, 16.492, 5.099, 5.0, 5.831, 7.071, 10.296, 6.0, 6.083, 7.81, 9.22, 13.416, 17.088, 18.974, 7.071, 7.0, 7.071, 8.062, 11.402, 13.892, 14.765, 15.652, 16.553, 18.385, 24.042, 8.062, 8.0, 8.246, 8.544, 9.434, 10.0, 10.63, 12.806, 15.264, 16.125, 17.0, 17.889, 19.698, 23.409, 9.055, 9.0, 9.055, 9.22, 14.213, 15.0, 15.811, 19.235, 20.125, 22.847, 23.77, 10.05, 10.0, 10.198, 13.454, 14.142, 15.62, 18.028, 20.591, 22.361, 25.08, 11.045, 11.0, 11.045, 11.18, 11.402, 11.705, 12.53, 14.866, 16.279, 18.601, 19.416, 21.954, 24.597, 25.495, 12.042, 12.0, 12.042, 12.166, 12.649, 13.0, 16.279, 17.692, 18.439, 19.209, 20.0, 20.809, 21.633, 24.187, 25.06, 13.038, 13.0, 13.038, 13.153, 13.601, 13.928, 14.318, 14.765, 15.811, 18.385, 19.849, 20.616, 22.204, 24.698, 25.554, 26.42, 14.036, 1