//19-06-2022_19-40-24

n = 10;
lx = 10;
ly = 10;

x = [1, 1, 2, 2, 4, 5, 5, 6, 7, 9];
y = [7, 8, 4, 8, 4, 4, 5, 6, 4, 6];

D = [[0.0, 1.0, 3.162, 1.414, 4.243, 5.0, 4.472, 5.099, 6.708, 8.062], [1.0, 0.0, 4.123, 1.0, 5.0, 5.657, 5.0, 5.385, 7.211, 8.246], [3.162, 4.123, 0.0, 4.0, 2.0, 3.0, 3.162, 4.472, 5.0, 7.28], [1.414, 1.0, 4.0, 0.0, 4.472, 5.0, 4.243, 4.472, 6.403, 7.28], [4.243, 5.0, 2.0, 4.472, 0.0, 1.0, 1.414, 2.828, 3.0, 5.385], [5.0, 5.657, 3.0, 5.0, 1.0, 0.0, 1.0, 2.236, 2.0, 4.472], [4.472, 5.0, 3.162, 4.243, 1.414, 1.0, 0.0, 1.414, 2.236, 4.123], [5.099, 5.385, 4.472, 4.472, 2.828, 2.236, 1.414, 0.0, 2.236, 3.0], [6.708, 7.211, 5.0, 6.403, 3.0, 2.0, 2.236, 2.236, 0.0, 2.828], [8.062, 8.246, 7.28, 7.28, 5.385, 4.472, 4.123, 3.0, 2.828, 0.0]];